# Made in Blockbench 5.0.7
mtllib DwarvenArmor_Legs.mtl

o PantPelvis
v 0.5095465504282124 4.067351902266962 0.39556278912963083
v 0.5093689473331693 3.966085162102206 -0.7628530886675474
v 0.5070337098780531 3.320205542643706 0.4608774347620328
v 0.50685610678301 3.2189388024789505 -0.6975384430351455
v -1.2406212098780531 3.9719494573562932 -0.7630974347620326
v -1.24044360678301 4.073216197521049 0.39531844303514563
v -1.2431340504282125 3.2248030977330373 -0.6977827891296308
v -1.2429564473331693 3.3260698378977933 0.4606330886675475
vt 0.53125 0.71875
vt 0.75 0.71875
vt 0.75 0.53125
vt 0.53125 0.53125
vt 0.390625 0.71875
vt 0.53125 0.71875
vt 0.53125 0.53125
vt 0.390625 0.53125
vt 0.53125 0.71875
vt 0.75 0.71875
vt 0.75 0.53125
vt 0.53125 0.53125
vt 0.390625 0.71875
vt 0.53125 0.71875
vt 0.53125 0.53125
vt 0.390625 0.53125
vt 0.53125 1
vt 0.75 1
vt 0.75 0.71875
vt 0.53125 0.71875
vt 0.53125 1
vt 0.75 1
vt 0.75 0.71875
vt 0.53125 0.71875
vn -0.00015273300679744396 -0.08708617217616516 -0.9962007705720428
vn 0.99999437554927 -0.0033510258594782994 0.00013962633970586517
vn 0.00015273300679744396 0.08708617217616516 0.9962007705720428
vn -0.99999437554927 0.0033510258594782994 -0.00013962633970586517
vn 0.0033504540668790775 0.996195146164341 -0.08708619417653587
vn -0.0033504540668790775 -0.996195146164341 0.08708619417653587
usemtl m_36e4d8a0-d916-8c23-b018-43107d848fc6
f 4/4/1 7/3/1 5/2/1 2/1/1
f 3/8/2 4/7/2 2/6/2 1/5/2
f 8/12/3 3/11/3 1/10/3 6/9/3
f 7/16/4 8/15/4 6/14/4 5/13/4
f 6/20/5 1/19/5 2/18/5 5/17/5
f 7/24/6 4/23/6 3/22/6 8/21/6
o Pant
v -0.3125 3.34375 0.40275
v -0.3125 3.34375 -0.59725
v -0.3125 2.03125 0.40275
v -0.3125 2.03125 -0.59725
v 0.6875 3.34375 -0.59725
v 0.6875 3.34375 0.40275
v 0.6875 2.03125 -0.59725
v 0.6875 2.03125 0.40275
vt 0.515625 0.53125
vt 0.640625 0.53125
vt 0.640625 0.203125
vt 0.515625 0.203125
vt 0.765625 0.53125
vt 0.640625 0.53125
vt 0.640625 0.203125
vt 0.765625 0.203125
vt 0.640625 0.53125
vt 0.515625 0.53125
vt 0.515625 0.203125
vt 0.640625 0.203125
vt 0.765625 0.53125
vt 0.640625 0.53125
vt 0.640625 0.203125
vt 0.765625 0.203125
vt 0.390625 0.53125
vt 0.515625 0.53125
vt 0.515625 0.28125
vt 0.390625 0.28125
vt 0.390625 0.53125
vt 0.515625 0.53125
vt 0.515625 0.28125
vt 0.390625 0.28125
vn 0 0 -1
vn 1 0 0
vn 0 0 1
vn -1 0 0
vn 0 1 0
vn 0 -1 0
usemtl m_36e4d8a0-d916-8c23-b018-43107d848fc6
f 12/28/7 15/27/7 13/26/7 10/25/7
f 11/32/8 12/31/8 10/30/8 9/29/8
f 16/36/9 11/35/9 9/34/9 14/33/9
f 15/40/10 16/39/10 14/38/10 13/37/10
f 14/44/11 9/43/11 10/42/11 13/41/11
f 15/48/12 12/47/12 11/46/12 16/45/12
o LBoot
v 0.689875 0.5625 0.875
v 0.689875 0.5625 -0.5
v 0.689875 0 0.875
v 0.689875 0 -0.5
v -0.310125 0.5625 -0.5
v -0.310125 0.5625 0.875
v -0.310125 0 -0.5
v -0.310125 0 0.875
vt 0.171875 1
vt 0.296875 1
vt 0.296875 0.859375
vt 0.171875 0.859375
vt 0 0.75
vt 0.171875 0.75
vt 0.171875 0.609375
vt 0 0.609375
vt 0.171875 1
vt 0.296875 1
vt 0.296875 0.859375
vt 0.171875 0.859375
vt 0.171875 0.75
vt 0 0.75
vt 0 0.609375
vt 0.171875 0.609375
vt 0.171875 1
vt 0.171875 0.75
vt 0 0.75
vt 0 1
vt 0.171875 0.609375
vt 0.171875 0.359375
vt 0 0.359375
vt 0 0.609375
vn 0 0 -1
vn 1 0 0
vn 0 0 1
vn -1 0 0
vn 0 1 0
vn 0 -1 0
usemtl m_36e4d8a0-d916-8c23-b018-43107d848fc6
f 20/52/13 23/51/13 21/50/13 18/49/13
f 19/56/14 20/55/14 18/54/14 17/53/14
f 24/60/15 19/59/15 17/58/15 22/57/15
f 23/64/16 24/63/16 22/62/16 21/61/16
f 22/68/17 17/67/17 18/66/17 21/65/17
f 23/72/18 20/71/18 19/70/18 24/69/18
o Metal_2
v 0.6767767279614401 1.733724504474969 0.7571160556400945
v 0.6767763461384193 1.7662833142974073 0.5724645625435032
v 0.1906446110496527 1.2549700777127097 0.6727003357627815
v 0.19064422922663193 1.287528887535148 0.48804884266619025
v 0.19063663895034733 2.2450299222872903 0.6568809142372184
v 0.19063702077336808 2.212471112464852 0.8415324073338097
v -0.29549547796144 1.766275495525031 0.5724651943599054
v -0.29549509613841923 1.7337166857025927 0.7571166874564967
vt 0.796875 0.96875
vt 0.8828125 0.96875
vt 0.8828125 0.796875
vt 0.796875 0.796875
vt 0.8828125 0.96875
vt 0.90625 0.96875
vt 0.90625 0.796875
vt 0.8828125 0.796875
vt 0.796875 0.96875
vt 0.8828125 0.96875
vt 0.8828125 0.796875
vt 0.796875 0.796875
vt 0.8828125 0.96875
vt 0.90625 0.96875
vt 0.90625 0.796875
vt 0.8828125 0.796875
vt 0.90625 0.96875
vt 0.90625 0.796875
vt 0.8828125 0.796875
vt 0.8828125 0.96875
vt 0.90625 0.96875
vt 0.90625 0.796875
vt 0.8828125 0.796875
vt 0.8828125 0.96875
vn -0.0000020363894439462404 0.1736469857196703 -0.9848079631818205
vn 0.7071123013644683 -0.696358702530739 -0.12278742064540382
vn 0.0000020363894439462404 -0.1736469857196703 0.9848079631818205
vn -0.7071123013644683 0.696358702530739 0.12278742064540382
vn 0.7071012609625997 0.6963700752905588 0.12278650163972797
vn -0.7071012609625997 -0.6963700752905588 -0.12278650163972797
usemtl m_36e4d8a0-d916-8c23-b018-43107d848fc6
f 28/76/19 31/75/19 29/74/19 26/73/19
f 27/80/20 28/79/20 26/78/20 25/77/20
f 32/84/21 27/83/21 25/82/21 30/81/21
f 31/88/22 32/87/22 30/86/22 29/85/22
f 30/92/23 25/91/23 26/90/23 29/89/23
f 31/96/24 28/95/24 27/94/24 32/93/24
o Metal_1
v 0.6331331250000001 1.875 0.65625
v 0.6331331250000001 1.875 0.09375
v 0.6331331250000001 0.375 0.65625
v 0.6331331250000001 0.375 0.09375
v -0.2581331250000001 1.875 0.09375
v -0.2581331250000001 1.875 0.65625
v -0.2581331250000001 0.375 0.09375
v -0.2581331250000001 0.375 0.65625
vt 0.140625 0
vt 0.140625 0.21875
vt 0.328125 0.21875
vt 0.328125 0
vt 0.8984375 0.6875
vt 0.96875 0.6875
vt 0.96875 0.3125
vt 0.8984375 0.3125
vt 0.7890625 0.6875
vt 0.8984375 0.6875
vt 0.8984375 0.3125
vt 0.7890625 0.3125
vt 0.96875 0.6875
vt 0.8984375 0.6875
vt 0.8984375 0.3125
vt 0.96875 0.3125
vt 0.7890625 0.453125
vt 0.8984375 0.453125
vt 0.8984375 0.3125
vt 0.7890625 0.3125
vt 0.7890625 0.453125
vt 0.8984375 0.453125
vt 0.8984375 0.3125
vt 0.7890625 0.3125
vn 0 0 -1
vn 1 0 0
vn 0 0 1
vn -1 0 0
vn 0 1 0
vn 0 -1 0
usemtl m_36e4d8a0-d916-8c23-b018-43107d848fc6
f 36/100/25 39/99/25 37/98/25 34/97/25
f 35/104/26 36/103/26 34/102/26 33/101/26
f 40/108/27 35/107/27 33/106/27 38/105/27
f 39/112/28 40/111/28 38/110/28 37/109/28
f 38/116/29 33/115/29 34/114/29 37/113/29
f 39/120/30 36/119/30 35/118/30 40/117/30
o Metal_4
v -0.2497175 1.7564831250000001 0.6207731249999999
v -0.2497175 1.7564831250000001 0.114523125
v -0.2497175 0.40648312500000006 0.6207731249999999
v -0.2497175 0.40648312500000006 0.114523125
v 0.6252825 1.7564831250000001 0.114523125
v 0.6252825 1.7564831250000001 0.6207731249999999
v 0.6252825 0.40648312500000006 0.114523125
v 0.6252825 0.40648312500000006 0.6207731249999999
vt 0.140625 0.21875
vt 0.140625 0
vt 0.328125 0
vt 0.328125 0.21875
vn 0 0 1
usemtl m_36e4d8a0-d916-8c23-b018-43107d848fc6
f 48/124/31 43/123/31 41/122/31 46/121/31
o LBoot2
v 0.5960550125014581 1.887798282180908 0.1901486253193126
v 0.59594046274636 1.8224836530487845 -0.5570019526097196
v 0.5915549673874219 0.5497936384403895 0.3071153990107306
v 0.5914404176323238 0.4844790093082657 -0.4400351789183016
v -0.2165549673874218 1.8252063615596104 -0.5571153990107306
v -0.21644041763232374 1.8905209906917344 0.19003517891830157
v -0.22105501250145815 0.48720171781909183 -0.4401486253193126
v -0.2209404627463601 0.5525163469512157 0.3070019526097196
vt 0.5078125 0.78125
vt 0.5078125 0.984375
vt 0.3671875 0.984375
vt 0.3671875 0.78125
vt 0.5078125 0.984375
vt 0.5078125 0.796875
vt 0.3671875 0.796875
vt 0.3671875 0.984375
vt 0.5078125 0.984375
vt 0.5078125 0.78125
vt 0.3671875 0.78125
vt 0.3671875 0.984375
vt 0.5078125 0.796875
vt 0.5078125 0.984375
vt 0.3671875 0.984375
vt 0.3671875 0.796875
vt 0.0234375 0.28125
vt 0.125 0.28125
vt 0.125 0.09375
vt 0.0234375 0.09375
vt 0.0234375 0.28125
vt 0.125 0.28125
vt 0.125 0.09375
vt 0.0234375 0.09375
vn -0.00015273300679744396 -0.08708617217616516 -0.9962007705720428
vn 0.99999437554927 -0.0033510258594782994 0.00013962633970586517
vn 0.00015273300679744396 0.08708617217616516 0.9962007705720428
vn -0.99999437554927 0.0033510258594782994 -0.00013962633970586517
vn 0.0033504540668790775 0.996195146164341 -0.08708619417653587
vn -0.0033504540668790775 -0.996195146164341 0.08708619417653587
usemtl m_36e4d8a0-d916-8c23-b018-43107d848fc6
f 52/128/32 55/127/32 53/126/32 50/125/32
f 51/132/33 52/131/33 50/130/33 49/129/33
f 56/136/34 51/135/34 49/134/34 54/133/34
f 55/140/35 56/139/35 54/138/35 53/137/35
f 54/144/36 49/143/36 50/142/36 53/141/36
f 55/148/37 52/147/37 51/146/37 56/145/37
o RBoot3
v -0.09246031134915284 1.5710041799134702 -0.1689089768420574
v -0.09181846714475395 1.7401874431767013 -0.7053629464122542
v -0.09664507931042493 0.3055805461264979 -0.5679948218309325
v -0.09600323510602604 0.47476380938972873 -1.1044487914011294
v 0.47067836910171046 1.7383024911307445 -0.7052844065961696
v 0.47003652489731157 1.569119227867514 -0.1688304370259729
v 0.4664936011404383 0.4728788573437722 -1.1043702515850446
v 0.4658517569360394 0.30369559408054136 -0.567916282014848
vt 0.140625 0
vt 0.140625 0.140625
vt 0 0.140625
vt 0 0
vt 0.140625 0.140625
vt 0.140625 0
vt 0 0
vt 0 0.140625
vt 0.140625 0.140625
vt 0.140625 0
vt 0 0
vt 0 0.140625
vt 0.140625 0
vt 0.140625 0.140625
vt 0 0.140625
vt 0 0
vt 0 0.28125
vt 0.0703125 0.28125
vt 0.0703125 0.140625
vt 0 0.140625
vt 0 0.28125
vt 0.0703125 0.28125
vt 0.0703125 0.140625
vt 0 0.140625
vn 0.0011410563633757933 0.3007702458012993 -0.953695945902572
vn 0.99999437554927 -0.0033510258594782994 0.00013962633970586533
vn -0.0011410563633757933 -0.3007702458012993 0.953695945902572
vn -0.99999437554927 0.0033510258594782994 -0.00013962633970586533
vn 0.003153864328285467 0.9536907412082363 0.3007723778432515
vn -0.003153864328285467 -0.9536907412082363 -0.3007723778432515
usemtl m_36e4d8a0-d916-8c23-b018-43107d848fc6
f 60/152/38 63/151/38 61/150/38 58/149/38
f 59/156/39 60/155/39 58/154/39 57/153/39
f 64/160/40 59/159/40 57/158/40 62/157/40
f 63/164/41 64/163/41 62/162/41 61/161/41
f 62/168/42 57/167/42 58/166/42 61/165/42
f 63/172/43 60/171/43 59/170/43 64/169/43
o Node
v 0.8959598228051204 1.772742140247127 -0.7267895785031462
v 0.8959598228051204 1.772742140247127 -0.7267895785031462
v 0.8843455712994435 0.7142854228300839 -0.6349160974724348
v 0.8843455712994435 0.7142854228300839 -0.6349160974724348
v 0.6376114024269189 1.859094072964769 0.2353951425374738
v 0.6376114024269189 1.859094072964769 0.2353951425374738
v 0.625997150921242 0.8006373555477257 0.32726862356818515
v 0.625997150921242 0.8006373555477257 0.32726862356818515
vt 0.8046875 0.265625
vt 0.9296875 0.265625
vt 0.9296875 0
vt 0.8046875 0
vn 0.9659899614437533 0.011821471391854644 0.2583092085157398
usemtl m_36e4d8a0-d916-8c23-b018-43107d848fc6
f 72/176/44 67/175/44 65/174/44 70/173/44
o LBootTrim
v 0.7236193505687056 2.1174991808314116 0.6552264195856891
v 0.7234188884972841 2.0031985798501952 -0.6522870917901172
v 0.7227817370519859 1.8684503942903268 0.676997968129823
v 0.7225812749805642 1.75414979330911 -0.6305155432459832
v -0.2765754870519859 2.0065496057096732 -0.6524267181298231
v -0.27637502498056427 2.12085020669089 0.6550867932459832
v -0.27741310056870566 1.7575008191685881 -0.6306551695856891
v -0.2772126384972841 1.871801420149805 0.6768583417901172
vt 0.34375 0.765625
vt 0.34375 0.515625
vt 0.375 0.515625
vt 0.375 0.765625
vt 0.1796875 0.515625
vt 0.34375 0.515625
vt 0.34375 0.453125
vt 0.1796875 0.453125
vt 0.34375 0.765625
vt 0.34375 0.515625
vt 0.375 0.515625
vt 0.375 0.765625
vt 0.34375 0.453125
vt 0.1796875 0.453125
vt 0.1796875 0.515625
vt 0.34375 0.515625
vt 0.34375 0.765625
vt 0.34375 0.515625
vt 0.1796875 0.515625
vt 0.1796875 0.765625
vt 0.34375 0.765625
vt 0.34375 0.515625
vt 0.1796875 0.515625
vt 0.1796875 0.765625
vn -0.00015273300679744396 -0.08708617217616516 -0.9962007705720428
vn 0.99999437554927 -0.0033510258594782994 0.00013962633970586517
vn 0.00015273300679744396 0.08708617217616516 0.9962007705720428
vn -0.99999437554927 0.0033510258594782994 -0.00013962633970586517
vn 0.0033504540668790775 0.996195146164341 -0.08708619417653587
vn -0.0033504540668790775 -0.996195146164341 0.08708619417653587
usemtl m_36e4d8a0-d916-8c23-b018-43107d848fc6
f 76/180/45 79/179/45 77/178/45 74/177/45
f 75/184/46 76/183/46 74/182/46 73/181/46
f 80/188/47 75/187/47 73/186/47 78/185/47
f 79/192/48 80/191/48 78/190/48 77/189/48
f 78/196/49 73/195/49 74/194/49 77/193/49
f 79/200/50 76/199/50 75/198/50 80/197/50
o Node
v -0.2898110429541787 1.7700436975118947 -0.8744117831561775
v -0.2898110429541787 1.7700436975118947 -0.8744117831561775
v -0.28624972012039474 0.7115869866610188 -0.7818755295340489
v -0.28624972012039474 0.7115869866610188 -0.7818755295340489
v -0.11630527987960525 1.8563955133389816 0.10662802953404893
v -0.11630527987960525 1.8563955133389816 0.10662802953404893
v -0.11274395704582131 0.7979388024881057 0.1991642831561775
v -0.11274395704582131 0.7979388024881057 0.1991642831561775
vt 0.8046875 0.265625
vt 0.9296875 0.265625
vt 0.9296875 0
vt 0.8046875 0
vn -0.984827150008436 0.011822845939750463 0.17313493269743824
usemtl m_36e4d8a0-d916-8c23-b018-43107d848fc6
f 88/204/51 83/203/51 81/202/51 86/201/51
o Pant
v -0.41000250000000005 3.34375 0.40169374999999996
v -0.41000250000000005 3.34375 -0.59830625
v -0.41000250000000005 2.03125 0.40169374999999996
v -0.41000250000000005 2.03125 -0.59830625
v -1.4100025 3.34375 -0.59830625
v -1.4100025 3.34375 0.40169374999999996
v -1.4100025 2.03125 -0.59830625
v -1.4100025 2.03125 0.40169374999999996
vt 0.515625 0.53125
vt 0.640625 0.53125
vt 0.640625 0.203125
vt 0.515625 0.203125
vt 0.765625 0.53125
vt 0.640625 0.53125
vt 0.640625 0.203125
vt 0.765625 0.203125
vt 0.640625 0.53125
vt 0.515625 0.53125
vt 0.515625 0.203125
vt 0.640625 0.203125
vt 0.765625 0.53125
vt 0.640625 0.53125
vt 0.640625 0.203125
vt 0.765625 0.203125
vt 0.390625 0.53125
vt 0.515625 0.53125
vt 0.515625 0.28125
vt 0.390625 0.28125
vt 0.390625 0.53125
vt 0.515625 0.53125
vt 0.515625 0.28125
vt 0.390625 0.28125
vn 0 0 -1
vn 1 0 0
vn 0 0 1
vn -1 0 0
vn 0 1 0
vn 0 -1 0
usemtl m_36e4d8a0-d916-8c23-b018-43107d848fc6
f 92/208/52 95/207/52 93/206/52 90/205/52
f 91/212/53 92/211/53 90/210/53 89/209/53
f 96/216/54 91/215/54 89/214/54 94/213/54
f 95/220/55 96/219/55 94/218/55 93/217/55
f 94/224/56 89/223/56 90/222/56 93/221/56
f 95/228/57 92/227/57 91/226/57 96/225/57
o RBoot
v -1.439875 0.5625 0.875
v -1.439875 0.5625 -0.5
v -1.439875 0 0.875
v -1.439875 0 -0.5
v -0.439875 0.5625 -0.5
v -0.439875 0.5625 0.875
v -0.439875 0 -0.5
v -0.439875 0 0.875
vt 0.171875 1
vt 0.296875 1
vt 0.296875 0.859375
vt 0.171875 0.859375
vt 0 0.75
vt 0.171875 0.75
vt 0.171875 0.609375
vt 0 0.609375
vt 0.171875 1
vt 0.296875 1
vt 0.296875 0.859375
vt 0.171875 0.859375
vt 0.171875 0.75
vt 0 0.75
vt 0 0.609375
vt 0.171875 0.609375
vt 0.171875 1
vt 0.171875 0.75
vt 0 0.75
vt 0 1
vt 0.171875 0.609375
vt 0.171875 0.359375
vt 0 0.359375
vt 0 0.609375
vn 0 0 -1
vn 1 0 0
vn 0 0 1
vn -1 0 0
vn 0 1 0
vn 0 -1 0
usemtl m_36e4d8a0-d916-8c23-b018-43107d848fc6
f 100/232/58 103/231/58 101/230/58 98/229/58
f 99/236/59 100/235/59 98/234/59 97/233/59
f 104/240/60 99/239/60 97/238/60 102/237/60
f 103/244/61 104/243/61 102/242/61 101/241/61
f 102/248/62 97/247/62 98/246/62 101/245/62
f 103/252/63 100/251/63 99/250/63 104/249/63
o Metal__4
v -1.36141860296144 1.690207629474969 0.7724735556400946
v -1.3614182211384191 1.7227664392974074 0.5878220625435032
v -0.8752864860496526 1.2114532027127098 0.6880578357627816
v -0.8752861042266319 1.2440120125351481 0.5034063426661903
v -0.8752785139503473 2.2015130472872904 0.6722384142372184
v -0.875278895773368 2.168954237464852 0.8568899073338097
v -0.38914639703855997 1.7227586205250311 0.5878226943599054
v -0.3891467788615807 1.6901998107025928 0.7724741874564968
vt 0.796875 0.96875
vt 0.8828125 0.96875
vt 0.8828125 0.796875
vt 0.796875 0.796875
vt 0.8828125 0.96875
vt 0.90625 0.96875
vt 0.90625 0.796875
vt 0.8828125 0.796875
vt 0.796875 0.96875
vt 0.8828125 0.96875
vt 0.8828125 0.796875
vt 0.796875 0.796875
vt 0.8828125 0.96875
vt 0.90625 0.96875
vt 0.90625 0.796875
vt 0.8828125 0.796875
vt 0.90625 0.96875
vt 0.90625 0.796875
vt 0.8828125 0.796875
vt 0.8828125 0.96875
vt 0.90625 0.96875
vt 0.90625 0.796875
vt 0.8828125 0.796875
vt 0.8828125 0.96875
vn 0.0000020363894439462404 0.1736469857196703 -0.9848079631818205
vn 0.7071123013644683 0.696358702530739 0.12278742064540382
vn -0.0000020363894439462404 -0.1736469857196703 0.9848079631818205
vn -0.7071123013644683 -0.696358702530739 -0.12278742064540382
vn -0.7071012609625997 0.6963700752905588 0.12278650163972797
vn 0.7071012609625997 -0.6963700752905588 -0.12278650163972797
usemtl m_36e4d8a0-d916-8c23-b018-43107d848fc6
f 108/256/64 111/255/64 109/254/64 106/253/64
f 107/260/65 108/259/65 106/258/65 105/257/65
f 112/264/66 107/263/66 105/262/66 110/261/66
f 111/268/67 112/267/67 110/266/67 109/265/67
f 110/272/68 105/271/68 106/270/68 109/269/68
f 111/276/69 108/275/69 107/274/69 112/273/69
o Metal_3
v -1.321204375 1.831483125 0.648898125
v -1.321204375 1.831483125 0.08639812499999999
v -1.321204375 0.3314831250000001 0.648898125
v -1.321204375 0.3314831250000001 0.08639812499999999
v -0.42936062499999994 1.831483125 0.08639812499999999
v -0.42936062499999994 1.831483125 0.648898125
v -0.42936062499999994 0.3314831250000001 0.08639812499999999
v -0.42936062499999994 0.3314831250000001 0.648898125
vt 0.140625 0
vt 0.140625 0.21875
vt 0.328125 0.21875
vt 0.328125 0
vt 0.8984375 0.6875
vt 0.96875 0.6875
vt 0.96875 0.3125
vt 0.8984375 0.3125
vt 0.7890625 0.6875
vt 0.8984375 0.6875
vt 0.8984375 0.3125
vt 0.7890625 0.3125
vt 0.96875 0.6875
vt 0.8984375 0.6875
vt 0.8984375 0.3125
vt 0.96875 0.3125
vt 0.7890625 0.453125
vt 0.8984375 0.453125
vt 0.8984375 0.3125
vt 0.7890625 0.3125
vt 0.7890625 0.453125
vt 0.8984375 0.453125
vt 0.8984375 0.3125
vt 0.7890625 0.3125
vn 0 0 -1
vn 1 0 0
vn 0 0 1
vn -1 0 0
vn 0 1 0
vn 0 -1 0
usemtl m_36e4d8a0-d916-8c23-b018-43107d848fc6
f 116/280/70 119/279/70 117/278/70 114/277/70
f 115/284/71 116/283/71 114/282/71 113/281/71
f 120/288/72 115/287/72 113/286/72 118/285/72
f 119/292/73 120/291/73 118/290/73 117/289/73
f 118/296/74 113/295/74 114/294/74 117/293/74
f 119/300/75 116/299/75 115/298/75 120/297/75
o Metal_4
v -1.3127825 1.7564831250000001 0.6207731249999999
v -1.3127825 1.7564831250000001 0.114523125
v -1.3127825 0.40648312500000006 0.6207731249999999
v -1.3127825 0.40648312500000006 0.114523125
v -0.43778249999999996 1.7564831250000001 0.114523125
v -0.43778249999999996 1.7564831250000001 0.6207731249999999
v -0.43778249999999996 0.40648312500000006 0.114523125
v -0.43778249999999996 0.40648312500000006 0.6207731249999999
vt 0.140625 0
vt 0.140625 0.21875
vt 0.328125 0.21875
vt 0.328125 0
vn 0 0 1
usemtl m_36e4d8a0-d916-8c23-b018-43107d848fc6
f 128/304/76 123/303/76 121/302/76 126/301/76
o RBoot2
v -1.34375 1.850935 0.25
v -1.34375 1.850935 -0.5
v -1.34375 0.524065 0.25
v -1.34375 0.524065 -0.5
v -0.53125 1.850935 -0.5
v -0.53125 1.850935 0.25
v -0.53125 0.524065 -0.5
v -0.53125 0.524065 0.25
vt 0.5078125 0.78125
vt 0.5078125 0.984375
vt 0.3671875 0.984375
vt 0.3671875 0.78125
vt 0.5078125 0.984375
vt 0.5078125 0.796875
vt 0.3671875 0.796875
vt 0.3671875 0.984375
vt 0.5078125 0.984375
vt 0.5078125 0.78125
vt 0.3671875 0.78125
vt 0.3671875 0.984375
vt 0.5078125 0.796875
vt 0.5078125 0.984375
vt 0.3671875 0.984375
vt 0.3671875 0.796875
vt 0.0234375 0.28125
vt 0.125 0.28125
vt 0.125 0.09375
vt 0.0234375 0.09375
vt 0.0234375 0.28125
vt 0.125 0.28125
vt 0.125 0.09375
vt 0.0234375 0.09375
vn 0 0 -1
vn 1 0 0
vn 0 0 1
vn -1 0 0
vn 0 1 0
vn 0 -1 0
usemtl m_36e4d8a0-d916-8c23-b018-43107d848fc6
f 132/308/77 135/307/77 133/306/77 130/305/77
f 131/312/78 132/311/78 130/310/78 129/309/78
f 136/316/79 131/315/79 129/314/79 134/313/79
f 135/320/80 136/319/80 134/318/80 133/317/80
f 134/324/81 129/323/81 130/322/81 133/321/81
f 135/328/82 132/327/82 131/326/82 136/325/82
o RBoot3
v -1.21875 1.5724308740831712 -0.13538700470300047
v -1.21875 1.7876903047885342 -0.6550692417405992
v -1.21875 0.3465628387799202 -0.643158170605267
v -1.21875 0.5618222694852832 -1.1628404076428658
v -0.65625 1.7876903047885342 -0.6550692417405992
v -0.65625 1.5724308740831712 -0.13538700470300047
v -0.65625 0.5618222694852832 -1.1628404076428658
v -0.65625 0.3465628387799202 -0.643158170605267
vt 0.140625 0
vt 0.140625 0.140625
vt 0 0.140625
vt 0 0
vt 0.140625 0.140625
vt 0.140625 0
vt 0 0
vt 0 0.140625
vt 0.140625 0.140625
vt 0.140625 0
vt 0 0
vt 0 0.140625
vt 0.140625 0
vt 0.140625 0.140625
vt 0 0.140625
vt 0 0
vt 0 0.28125
vt 0.0703125 0.28125
vt 0.0703125 0.140625
vt 0 0.140625
vt 0 0.28125
vt 0.0703125 0.28125
vt 0.0703125 0.140625
vt 0 0.140625
vn 0 0.3826834323650897 -0.9238795325112867
vn 1 0 0
vn 0 -0.3826834323650897 0.9238795325112867
vn -1 0 0
vn 0 0.9238795325112867 0.3826834323650897
vn 0 -0.9238795325112867 -0.3826834323650897
usemtl m_36e4d8a0-d916-8c23-b018-43107d848fc6
f 140/332/83 143/331/83 141/330/83 138/329/83
f 139/336/84 140/335/84 138/334/84 137/333/84
f 144/340/85 139/339/85 137/338/85 142/337/85
f 143/344/86 144/343/86 142/342/86 141/341/86
f 142/348/87 137/347/87 138/346/87 141/345/87
f 143/352/88 140/351/88 139/350/88 144/349/88
o Node
v -1.5819997484247499 1.7313493964123676 -0.6758442229592276
v -1.5819997484247499 1.7313493964123676 -0.6758442229592276
v -1.570385496919073 0.6728926789953245 -0.5839707419285163
v -1.570385496919073 0.6728926789953245 -0.5839707419285163
v -1.3236513280465485 1.8177013291300095 0.28634049808139245
v -1.3236513280465485 1.8177013291300095 0.28634049808139245
v -1.3120370765408715 0.7592446117129663 0.3782139791121038
v -1.3120370765408715 0.7592446117129663 0.3782139791121038
vt 0.8046875 0.265625
vt 0.9296875 0.265625
vt 0.9296875 0
vt 0.8046875 0
vn -0.9659899614437533 0.011821471391854644 0.2583092085157398
usemtl m_36e4d8a0-d916-8c23-b018-43107d848fc6
f 152/356/89 147/355/89 145/354/89 150/353/89
o RBootTrim
v -1.412202475568706 2.1066129308314117 0.625812044585689
v -1.4120020134972842 1.992312329850195 -0.6817014667901172
v -1.411364862051986 1.8575641442903266 0.6475835931298229
v -1.4111643999805643 1.74326354330911 -0.6599299182459832
v -0.41200763794801415 1.9956633557096732 -0.6818410931298231
v -0.4122081000194358 2.10996395669089 0.6256724182459831
v -0.41117002443129436 1.7466145691685881 -0.6600695445856891
v -0.411370486502716 1.860915170149805 0.6474439667901171
vt 0.34375 0.765625
vt 0.34375 0.515625
vt 0.375 0.515625
vt 0.375 0.765625
vt 0.1796875 0.515625
vt 0.34375 0.515625
vt 0.34375 0.453125
vt 0.1796875 0.453125
vt 0.34375 0.765625
vt 0.34375 0.515625
vt 0.375 0.515625
vt 0.375 0.765625
vt 0.1796875 0.515625
vt 0.34375 0.515625
vt 0.34375 0.453125
vt 0.1796875 0.453125
vt 0.34375 0.765625
vt 0.34375 0.515625
vt 0.1796875 0.515625
vt 0.1796875 0.765625
vt 0.34375 0.765625
vt 0.34375 0.515625
vt 0.1796875 0.515625
vt 0.1796875 0.765625
vn 0.00015273300679744396 -0.08708617217616516 -0.9962007705720428
vn 0.99999437554927 0.0033510258594782994 -0.00013962633970586517
vn -0.00015273300679744396 0.08708617217616516 0.9962007705720428
vn -0.99999437554927 -0.0033510258594782994 0.00013962633970586517
vn -0.0033504540668790775 0.996195146164341 -0.08708619417653587
vn 0.0033504540668790775 -0.996195146164341 0.08708619417653587
usemtl m_36e4d8a0-d916-8c23-b018-43107d848fc6
f 156/360/90 159/359/90 157/358/90 154/357/90
f 155/364/91 156/363/91 154/362/91 153/361/91
f 160/368/92 155/367/92 153/366/92 158/365/92
f 159/372/93 160/371/93 158/370/93 157/369/93
f 158/376/94 153/375/94 154/374/94 157/373/94
f 159/380/95 156/379/95 155/378/95 160/377/95
o Node
v -0.3806867063910486 1.7766987867021242 -0.7399568624419585
v -0.3806867063910486 1.7766987867021242 -0.7399568624419585
v -0.4090012583261302 0.7182418824519674 -0.6517893060853824
v -0.4090012583261302 0.7182418824519674 -0.6517893060853824
v -0.5531799916738698 1.8630468675480323 0.2412618060853825
v -0.5531799916738698 1.8630468675480323 0.2412618060853825
v -0.5814945436089514 0.8045899632978755 0.32942936244195853
v -0.5814945436089514 0.8045899632978755 0.32942936244195853
vt 0.8046875 0.265625
vt 0.9296875 0.265625
vt 0.9296875 0
vt 0.8046875 0
vn -0.9846501398269871 0.011834781645538715 -0.1741379914955295
usemtl m_36e4d8a0-d916-8c23-b018-43107d848fc6
f 168/384/96 163/383/96 161/382/96 166/381/96